N = 5:
0.993341336535, 0.988571428571, 0.980632252901, 0.969107643057, 0.957070828331, 0.929635854342, 0.899767907163, 0.868619447779, 0.81906362545, 0.761696678671, 0.724593837535, 0.673757503001, 0.619111644658, 0.589051620648, 0.546698679472, 0.499767907163, 0.468971588635
N = 10:
0.993181272509, 0.987058823529, 0.979959983994, 0.969403761505, 0.956806722689, 0.928731492597, 0.89087635054, 0.846346538615, 0.767034813926, 0.637879151661, 0.543017206883, 0.435694277711, 0.364449779912, 0.337823129252, 0.28593837535, 0.251972789116, 0.240840336134
N = 20:
0.992755102041, 0.987725090036, 0.981102440976, 0.970778311325, 0.954265706283, 0.931016406563, 0.899635854342, 0.835512204882, 0.676218487395, 0.439365746299, 0.334047619048, 0.235506202481, 0.191792717087, 0.163461384554, 0.143605442177, 0.131476590636, 0.119739895958
N = 30:
0.992910942155, 0.98781112445, 0.980426837402, 0.969989773687, 0.954273264862, 0.931304966431, 0.894841492152, 0.831519274376, 0.681917211329, 0.361781156907, 0.209227691076, 0.151753145703, 0.122529900849, 0.108481614868, 0.0943061669112, 0.0853123471611, 0.0751109332622
N = 50:
0.992830092037, 0.987727571028, 0.980679951981, 0.969837214886, 0.954531252501, 0.932068507403, 0.894978791517, 0.825493397359, 0.658302681072, 0.244567266907, 0.127600480192, 0.0911692677071, 0.078893637455, 0.0644897959184, 0.0585194077631, 0.050474909964, 0.0465334933974
