N = 5:
0.0621551499095, 0.113099543226, 0.195623706815, 0.362703712558, 0.551977695014, 1.01918027325, 1.55200393789, 2.10315635203, 2.75503543516, 3.37255459027, 3.64199048019, 3.63793350205, 3.77578626269, 3.71597305602, 3.42737059935, 3.31748861865, 3.04158874404
N = 10:
0.066681553146, 0.135490675766, 0.232820255049, 0.368470850653, 0.472419779949, 1.71004570685, 2.86826605642, 4.19965777965, 8.26000961072, 13.1724185597, 13.4836652468, 12.1227936089, 10.2068934939, 8.5434660236, 6.82552631662, 5.37005037926, 4.75335724397
N = 20:
0.071466244982, 0.133435185791, 0.204846880812, 0.336342447457, 0.640019936365, 1.17868303078, 2.16361835693, 6.6715680326, 34.5588713629, 44.8636239048, 33.2913344964, 21.9472734679, 14.3731924972, 10.1276409182, 8.15117599209, 6.58539657094, 5.31041794442
N = 30:
0.0673878986155, 0.123221053775, 0.202315349739, 0.330136532714, 0.623417685197, 1.22142290425, 2.88641516852, 9.12830373297, 53.8166205, 83.1538953823, 41.9980694768, 22.1800425992, 14.8842726308, 9.97681389387, 7.94895910962, 6.1876842659, 4.6516993385
N = 50:
0.0723632250273, 0.131184749561, 0.207295538335, 0.342234246228, 0.61259601068, 1.24050578942, 2.57554893039, 14.1576481409, 81.7263898958, 121.238554792, 47.2584405067, 23.4362830778, 15.1862689356, 10.2712061366, 8.51822098473, 5.8191855085, 5.0696351704
